-4.107053e+01 -1.839448e+01 -3.911214e+01 -1.644399e+01
-4.330657e+01 -2.632353e+00 -4.134818e+01 -6.818713e-01
-3.827161e+01 -2.607280e+01 -3.631322e+01 -2.412232e+01
-6.084894e+01 -3.810852e+00 -5.889054e+01 -1.860370e+00
-6.309905e+01 -1.216904e+01 -6.114066e+01 -1.021856e+01
-5.528027e+01 -9.247184e+00 -5.332188e+01 -7.296701e+00
-5.969107e+01 -1.375163e+01 -5.773267e+01 -1.180115e+01
-3.668209e+01 1.961228e+00 -3.472369e+01 3.911710e+00
-4.907942e+01 -5.797717e+00 -4.712103e+01 -3.847235e+00
-6.843263e+01 -1.010157e+01 -6.647423e+01 -8.151093e+00
-7.334044e+01 -2.430429e+01 -7.138204e+01 -2.235380e+01
-6.860383e+01 -2.408566e+00 -6.664544e+01 -4.580839e-01
-6.784211e+01 -1.813852e+01 -6.588372e+01 -1.618803e+01
-6.889528e+01 -2.953462e+01 -6.693689e+01 -2.758414e+01
-3.485315e+01 -2.526509e+01 -3.289476e+01 -2.331461e+01
-5.388843e+01 -1.045745e+00 -5.193003e+01 9.047367e-01
-4.998310e+01 -2.223113e+01 -4.802471e+01 -2.028064e+01
-4.900733e+01 -1.332696e+01 -4.704894e+01 -1.137648e+01
-5.464630e+01 4.168392e+00 -5.268791e+01 6.118874e+00
-6.252164e+01 -3.688826e+00 -6.056324e+01 -1.738343e+00
-5.334742e+01 -3.745150e+00 -5.138902e+01 -1.794668e+00
-5.830279e+01 9.990315e-01 -5.634440e+01 2.949514e+00
-6.288206e+01 -2.002994e+01 -6.092367e+01 -1.807946e+01
-4.234205e+01 2.071680e+00 -4.038365e+01 4.022163e+00
-7.124673e+01 3.253696e+00 -6.928834e+01 5.204178e+00
-5.337678e+01 -3.042221e+01 -5.141839e+01 -2.847172e+01
-6.645029e+01 -7.906968e+00 -6.449190e+01 -5.956486e+00
-3.911038e+01 -2.016902e+01 -3.715199e+01 -1.821854e+01
-7.146544e+01 -3.299812e+01 -6.950705e+01 -3.104764e+01
-5.605170e+01 -3.131787e+01 -5.409330e+01 -2.936738e+01
-6.464598e+01 4.084877e+00 -6.268759e+01 6.035359e+00
-3.864133e+01 -5.851370e-01 -3.668294e+01 1.365345e+00
-6.353417e+01 -1.272336e+01 -6.157577e+01 -1.077287e+01
-5.928284e+01 -4.122182e+00 -5.732445e+01 -2.171700e+00
-5.390398e+01 -7.731548e+00 -5.194559e+01 -5.781066e+00
-5.315701e+01 -3.224690e+01 -5.119861e+01 -3.029642e+01
-5.683756e+01 2.571339e+00 -5.487917e+01 4.521821e+00
-3.752106e+01 -5.655120e+00 -3.556267e+01 -3.704638e+00
-6.284373e+01 -4.969254e+00 -6.088534e+01 -3.018772e+00
-4.891229e+01 -1.996790e+01 -4.695390e+01 -1.801742e+01
-4.703683e+01 -2.730462e+01 -4.507844e+01 -2.535414e+01
-5.674094e+01 5.522066e-01 -5.478255e+01 2.502689e+00
-4.150086e+01 -2.089288e+01 -3.954246e+01 -1.894240e+01
-6.501070e+01 1.070925e+00 -6.305231e+01 3.021407e+00
-6.025604e+01 -6.992466e+00 -5.829764e+01 -5.041984e+00
-3.651607e+01 -1.081657e+01 -3.455768e+01 -8.866090e+00
-4.823370e+01 -2.825572e-01 -4.627530e+01 1.667925e+00
-5.676227e+01 2.264517e+00 -5.480388e+01 4.214999e+00
-5.837298e+01 -1.995448e+00 -5.641459e+01 -4.496622e-02
-4.717952e+01 1.757480e+00 -4.522112e+01 3.707962e+00
-5.508077e+01 -2.535996e+01 -5.312237e+01 -2.340948e+01
-3.675954e+01 2.114660e+00 -3.480114e+01 4.065143e+00
-6.819537e+01 5.907065e-01 -6.623698e+01 2.541189e+00
-4.886914e+01 -1.692886e+01 -4.691074e+01 -1.497838e+01
-4.971062e+01 -2.281519e+01 -4.775223e+01 -2.086470e+01
-4.319287e+01 -2.178539e+01 -4.123448e+01 -1.983491e+01
-5.646954e+01 -2.495887e+01 -5.451115e+01 -2.300839e+01
-6.663362e+01 -2.300340e+01 -6.467523e+01 -2.105292e+01
-5.218418e+01 -1.753165e+01 -5.022579e+01 -1.558117e+01
-6.733575e+01 1.594884e+00 -6.537736e+01 3.545366e+00
-6.993790e+01 -2.886106e+01 -6.797951e+01 -2.691058e+01
-5.457341e+01 -4.113347e+00 -5.261502e+01 -2.162865e+00
-3.540827e+01 2.694958e+00 -3.344988e+01 4.645440e+00
-4.717064e+01 -1.883117e+01 -4.521225e+01 -1.688069e+01
-4.461197e+01 -1.939778e+01 -4.265358e+01 -1.744730e+01
-6.245726e+01 -2.471877e+01 -6.049887e+01 -2.276829e+01
-5.108573e+01 -2.424476e+01 -4.912733e+01 -2.229428e+01
-6.801011e+01 -5.218362e+00 -6.605172e+01 -3.267880e+00
-6.906431e+01 -2.826217e+00 -6.710592e+01 -8.757354e-01
-6.755137e+01 -4.714245e+00 -6.559298e+01 -2.763763e+00
-7.105972e+01 3.284005e+00 -6.910133e+01 5.234487e+00
-7.192144e+01 -1.343321e+01 -6.996304e+01 -1.148273e+01
-6.707710e+01 -2.441447e+01 -6.511871e+01 -2.246398e+01
-4.273085e+01 -5.198627e+00 -4.077245e+01 -3.248145e+00
-4.826270e+01 3.958915e+00 -4.630430e+01 5.909397e+00
-4.893268e+01 -4.142229e+00 -4.697428e+01 -2.191747e+00
-7.031747e+01 -2.851672e+01 -6.835907e+01 -2.656624e+01
-5.360338e+01 -3.072741e+01 -5.164498e+01 -2.877692e+01
-7.124081e+01 -2.579569e+01 -6.928242e+01 -2.384521e+01
-5.590604e+01 -1.803896e+00 -5.394765e+01 1.465861e-01
-5.152323e+01 -4.304275e+00 -4.956483e+01 -2.353793e+00
-7.194456e+01 -2.762321e+01 -6.998617e+01 -2.567273e+01
-3.481128e+01 -2.580843e+01 -3.285289e+01 -2.385794e+01
-3.912123e+01 -2.888473e+01 -3.716284e+01 -2.693425e+01
-3.489724e+01 -3.167045e+01 -3.293884e+01 -2.971996e+01
-3.988171e+01 -3.095769e+01 -3.792331e+01 -2.900721e+01
-7.381590e+01 2.229383e+00 -7.185750e+01 4.179865e+00
-5.071741e+01 -2.674296e+01 -4.875901e+01 -2.479247e+01
-6.758938e+01 -1.849952e+01 -6.563099e+01 -1.654904e+01
-3.821759e+01 -1.803199e+00 -3.625919e+01 1.472833e-01
-5.991390e+01 -1.222697e+01 -5.795550e+01 -1.027649e+01
-5.128386e+01 -1.612439e+01 -4.932547e+01 -1.417391e+01
-4.705540e+01 -2.989229e+01 -4.509700e+01 -2.794181e+01
-5.318828e+01 -4.237452e+00 -5.122989e+01 -2.286970e+00
-6.206030e+01 4.927264e+00 -6.010191e+01 6.877746e+00
-5.138017e+01 4.561860e-01 -4.942177e+01 2.406668e+00
-4.468880e+01 -9.245662e+00 -4.273041e+01 -7.295180e+00
-7.259154e+01 -4.607691e+00 -7.063314e+01 -2.657209e+00
-4.134272e+01 2.319395e+00 -3.938433e+01 4.269877e+00
-3.977472e+01 -1.360736e+00 -3.781633e+01 5.897458e-01
-3.561655e+01 -4.763404e+00 -3.365816e+01 -2.812922e+00
-3.859596e+01 4.590504e+00 -3.663757e+01 6.540986e+00
-4.785862e+01 -1.438134e+01 -4.590022e+01 -1.243085e+01
-6.755662e+01 -1.400749e+00 -6.559823e+01 5.497333e-01
-3.916067e+01 -3.077568e+01 -3.720227e+01 -2.882520e+01
-4.853126e+01 -2.410310e+01 -4.657287e+01 -2.215262e+01
-4.932352e+01 -2.484066e+01 -4.736512e+01 -2.289018e+01
-4.653711e+01 -2.141834e+01 -4.457871e+01 -1.946786e+01
-6.110140e+01 -2.475129e+01 -5.914301e+01 -2.280081e+01
-7.107417e+01 -9.083294e+00 -6.911578e+01 -7.132811e+00
-6.521875e+01 -8.378784e+00 -6.326036e+01 -6.428302e+00
-5.397642e+01 4.117316e+00 -5.201802e+01 6.067798e+00
-6.301025e+01 -1.247578e+01 -6.105185e+01 -1.052530e+01
-4.580668e+01 -2.936018e+01 -4.384829e+01 -2.740970e+01
-5.551190e+01 -1.066444e+01 -5.355350e+01 -8.713961e+00
-3.699197e+01 -1.618908e+01 -3.503358e+01 -1.423860e+01
-6.080474e+01 -7.113469e-01 -5.884635e+01 1.239135e+00
-5.695994e+01 -3.365315e+01 -5.500154e+01 -3.170267e+01
-6.046822e+01 -1.043267e+01 -5.850982e+01 -8.482190e+00
-4.134253e+01 -2.465518e+01 -3.938414e+01 -2.270470e+01
-4.752194e+01 -1.493950e+01 -4.556355e+01 -1.298901e+01
-5.510250e+01 -2.188300e+01 -5.314410e+01 -1.993252e+01
-4.608796e+01 -2.665778e+01 -4.412956e+01 -2.470730e+01
-4.962342e+01 -3.218511e+01 -4.766503e+01 -3.023463e+01
-5.776404e+01 -6.629135e+00 -5.580564e+01 -4.678653e+00
-4.758224e+01 -8.905099e+00 -4.562385e+01 -6.954617e+00
-6.038311e+01 -2.657716e+01 -5.842471e+01 -2.462667e+01
-5.012152e+01 -9.314009e+00 -4.816312e+01 -7.363526e+00
-4.535779e+01 -2.096944e+01 -4.339939e+01 -1.901896e+01
-4.497750e+01 -2.589097e+01 -4.301911e+01 -2.394048e+01
-3.790864e+01 -7.067106e+00 -3.595025e+01 -5.116624e+00
-4.839717e+01 -2.374338e+01 -4.643878e+01 -2.179290e+01
-5.312432e+01 -3.036027e+01 -5.116593e+01 -2.840978e+01
-6.377579e+01 4.472197e-01 -6.181739e+01 2.397702e+00
-4.710485e+01 -3.012244e+01 -4.514645e+01 -2.817196e+01
-6.962047e+01 -1.967329e+01 -6.766207e+01 -1.772281e+01
-5.139116e+01 -1.063825e+01 -4.943276e+01 -8.687765e+00
-4.787130e+01 -2.251410e+01 -4.591290e+01 -2.056361e+01
-4.359375e+01 -2.252964e+01 -4.163535e+01 -2.057915e+01
-6.106752e+01 -2.637710e+01 -5.910913e+01 -2.442661e+01
-3.542349e+01 -3.363961e+01 -3.346509e+01 -3.168913e+01
-4.157175e+01 -2.084833e+01 -3.961336e+01 -1.889785e+01
-6.660746e+01 -1.675162e+01 -6.464907e+01 -1.480114e+01
-3.643113e+01 2.067932e+00 -3.447274e+01 4.018414e+00
-4.402051e+01 -6.508532e+00 -4.206212e+01 -4.558050e+00
-6.923398e+01 -7.026955e+00 -6.727558e+01 -5.076473e+00
-5.894502e+01 -3.575081e+00 -5.698662e+01 -1.624599e+00
-3.704159e+01 1.964265e+00 -3.508319e+01 3.914747e+00
-4.021944e+01 -2.583887e+01 -3.826105e+01 -2.388839e+01
-4.289305e+01 -1.240029e+01 -4.093466e+01 -1.044981e+01
-6.233474e+01 1.521878e+00 -6.037635e+01 3.472361e+00
-3.835012e+01 3.143934e-01 -3.639173e+01 2.264875e+00
-5.446766e+01 -1.130188e+01 -5.250927e+01 -9.351393e+00
-6.760406e+01 -2.309404e+01 -6.564567e+01 -2.114355e+01
-4.011518e+01 -1.457091e+01 -3.815679e+01 -1.262043e+01
-5.581824e+01 -6.622834e-01 -5.385984e+01 1.288199e+00
-5.455252e+01 -2.242533e+01 -5.259413e+01 -2.047485e+01
-6.691218e+01 -7.089657e+00 -6.495379e+01 -5.139175e+00
-4.548230e+01 -2.835460e+01 -4.352391e+01 -2.640412e+01
-5.035641e+01 -1.457002e+01 -4.839802e+01 -1.261954e+01
-4.115099e+01 -5.526402e+00 -3.919260e+01 -3.575920e+00
-6.699889e+01 -2.512042e+01 -6.504050e+01 -2.316993e+01
-5.445272e+01 -2.904895e+01 -5.249432e+01 -2.709847e+01
-6.856439e+01 -1.971848e+01 -6.660600e+01 -1.776799e+01
-6.125690e+01 2.573689e+00 -5.929851e+01 4.524171e+00
-3.839549e+01 -9.511492e+00 -3.643710e+01 -7.561010e+00
-4.120214e+01 -1.864348e+00 -3.924374e+01 8.613408e-02
-5.454872e+01 -2.071209e+01 -5.259033e+01 -1.876161e+01
-5.853394e+01 -8.078445e+00 -5.657555e+01 -6.127963e+00
-5.013025e+01 -2.367938e+01 -4.817186e+01 -2.172890e+01
-6.805554e+01 -3.094926e+01 -6.609715e+01 -2.899878e+01
-6.975471e+01 -8.531885e+00 -6.779632e+01 -6.581403e+00
-5.973753e+01 -2.253392e+01 -5.777913e+01 -2.058344e+01
-6.099922e+01 -3.022354e+01 -5.904083e+01 -2.827306e+01
-5.724138e+01 2.675088e+00 -5.528299e+01 4.625570e+00
-5.112169e+01 -2.342366e+01 -4.916330e+01 -2.147318e+01
-4.817719e+01 -4.062534e+00 -4.621880e+01 -2.112052e+00
-5.488743e+01 -2.764408e+01 -5.292903e+01 -2.569360e+01
-3.939224e+01 -9.372233e+00 -3.743384e+01 -7.421751e+00
-5.370111e+01 -2.567131e+01 -5.174272e+01 -2.372083e+01
-5.214044e+01 -1.715333e+01 -5.018204e+01 -1.520285e+01
-4.147195e+01 -1.839426e+01 -3.951356e+01 -1.644378e+01
-6.440913e+01 -2.106154e+01 -6.245074e+01 -1.911106e+01
-4.541142e+01 -8.865544e+00 -4.345302e+01 -6.915061e+00
-3.540463e+01 -2.058448e+01 -3.344624e+01 -1.863400e+01
-3.882337e+01 -2.847099e+01 -3.686498e+01 -2.652051e+01
-5.788921e+01 -3.356823e+01 -5.593082e+01 -3.161775e+01
-4.329941e+01 -3.570683e+00 -4.134102e+01 -1.620201e+00
-6.247615e+01 -2.930606e+01 -6.051776e+01 -2.735558e+01
-4.007774e+01 -5.653035e+00 -3.811935e+01 -3.702553e+00
-7.205331e+01 -1.625978e+01 -7.009491e+01 -1.430930e+01
-3.534108e+01 -6.163933e+00 -3.338269e+01 -4.213451e+00
-6.571906e+01 -1.529278e+01 -6.376067e+01 -1.334230e+01
-4.009159e+01 -3.011545e+01 -3.813320e+01 -2.816496e+01
-7.007937e+01 -1.884258e+01 -6.812098e+01 -1.689210e+01
-6.215948e+01 -8.145201e+00 -6.020109e+01 -6.194719e+00
-4.228836e+01 -2.864156e+01 -4.032996e+01 -2.669108e+01
-7.196143e+01 -3.169523e+01 -7.000303e+01 -2.974475e+01
-5.605115e+01 -3.317818e+00 -5.409276e+01 -1.367336e+00
-4.687174e+01 -1.651510e+01 -4.491334e+01 -1.456461e+01
-6.931356e+01 -1.077770e+01 -6.735517e+01 -8.827214e+00
-5.131500e+01 -1.310803e+01 -4.935661e+01 -1.115755e+01
-5.067224e+01 -1.966097e+01 -4.871385e+01 -1.771048e+01
-6.206068e+01 8.895655e-01 -6.010229e+01 2.840048e+00
-5.531209e+01 -2.715459e+01 -5.335370e+01 -2.520410e+01
-5.009711e+01 -1.327001e+01 -4.813871e+01 -1.131952e+01
-4.973691e+01 -1.052181e+01 -4.777852e+01 -8.571330e+00
-6.482708e+01 -1.408689e+00 -6.286869e+01 5.417935e-01
-7.123361e+01 -2.992360e+01 -6.927522e+01 -2.797312e+01
-3.779845e+01 -2.716125e+01 -3.584005e+01 -2.521076e+01
-5.511043e+01 -2.498289e+01 -5.315203e+01 -2.303241e+01
-4.159610e+01 -2.243409e+01 -3.963771e+01 -2.048361e+01
-5.998841e+01 4.820852e-01 -5.803001e+01 2.432567e+00
-6.049532e+01 -1.989918e+00 -5.853693e+01 -3.943585e-02
-4.816155e+01 -3.236209e+01 -4.620316e+01 -3.041161e+01
-6.389439e+01 -3.419673e+00 -6.193600e+01 -1.469191e+00
-4.946122e+01 -1.163105e+00 -4.750282e+01 7.873767e-01
-6.190906e+01 -2.515772e+01 -5.995067e+01 -2.320723e+01
-6.622285e+01 -9.888070e+00 -6.426446e+01 -7.937588e+00
-6.968090e+01 -7.463104e+00 -6.772251e+01 -5.512622e+00
-4.333935e+01 -5.713266e+00 -4.138096e+01 -3.762784e+00
-6.613152e+01 -1.812903e+01 -6.417313e+01 -1.617854e+01
-6.161524e+01 -1.684869e+01 -5.965685e+01 -1.489821e+01
-6.493128e+01 -1.873131e+01 -6.297288e+01 -1.678083e+01
-5.310845e+01 -2.774349e+01 -5.115006e+01 -2.579301e+01
-5.222515e+01 -3.321048e+01 -5.026676e+01 -3.126000e+01
-5.908670e+01 -1.887101e+01 -5.712830e+01 -1.692053e+01
-6.201672e+01 -5.013202e+00 -6.005832e+01 -3.062720e+00
-6.377783e+01 -8.436250e+00 -6.181943e+01 -6.485767e+00
-5.234584e+01 2.093698e+00 -5.038745e+01 4.044180e+00
-4.711027e+01 -2.189779e+00 -4.515188e+01 -2.392967e-01
-4.664567e+01 -2.161014e+01 -4.468728e+01 -1.965965e+01
-4.868080e+01 -3.354497e+01 -4.672241e+01 -3.159449e+01
-5.310400e+01 -8.586006e-01 -5.114560e+01 1.091881e+00
-4.975565e+01 -8.708008e+00 -4.779726e+01 -6.757526e+00
-5.366977e+01 -1.814770e+01 -5.171138e+01 -1.619721e+01
-5.979408e+01 -5.736460e+00 -5.783569e+01 -3.785978e+00
-4.257031e+01 -7.337996e+00 -4.061192e+01 -5.387514e+00
-6.799108e+01 -3.249608e+01 -6.603268e+01 -3.054560e+01
-7.148936e+01 -7.029452e+00 -6.953097e+01 -5.078969e+00
-6.663036e+01 -9.633870e+00 -6.467197e+01 -7.683388e+00
-4.654959e+01 -1.162833e+01 -4.459120e+01 -9.677844e+00
-7.393481e+01 -3.355650e+01 -7.197642e+01 -3.160602e+01
-6.202334e+01 -2.357545e+01 -6.006495e+01 -2.162497e+01
-4.830952e+01 -3.262914e-01 -4.635113e+01 1.624191e+00
-6.688320e+01 -2.046310e+01 -6.492480e+01 -1.851262e+01
-4.784059e+01 5.106302e-01 -4.588220e+01 2.461112e+00
-4.839033e+01 -2.156024e+01 -4.643194e+01 -1.960976e+01
-3.931478e+01 -2.651309e+01 -3.735638e+01 -2.456261e+01
-6.782409e+01 -1.413938e+01 -6.586570e+01 -1.218890e+01
-4.151041e+01 -7.422190e+00 -3.955201e+01 -5.471708e+00
-3.856448e+01 -2.632402e+01 -3.660609e+01 -2.437353e+01
-5.852634e+01 -6.235803e+00 -5.656795e+01 -4.285321e+00
-3.994500e+01 -1.242545e+01 -3.798660e+01 -1.047497e+01
-4.503543e+01 2.596677e+00 -4.307704e+01 4.547159e+00
-6.484813e+01 2.366177e+00 -6.288973e+01 4.316659e+00
-5.238005e+01 2.633168e+00 -5.042166e+01 4.583650e+00
-5.461403e+01 -1.222372e+01 -5.265564e+01 -1.027324e+01
-3.719521e+01 -2.585321e+00 -3.523681e+01 -6.348388e-01
-4.209082e+01 -1.058809e+01 -4.013242e+01 -8.637605e+00
-4.823774e+01 5.047081e+00 -4.627934e+01 6.997563e+00
-3.732358e+01 -2.111897e+01 -3.536518e+01 -1.916849e+01
-3.973406e+01 -1.079642e+01 -3.777567e+01 -8.845940e+00
-4.899877e+01 -4.158272e+00 -4.704037e+01 -2.207790e+00
-4.360729e+01 -2.770053e+00 -4.164890e+01 -8.195707e-01
-6.368619e+01 -1.020261e+01 -6.172779e+01 -8.252132e+00
-5.554790e+01 -2.726637e+01 -5.358951e+01 -2.531589e+01
-4.282123e+01 -3.253750e-02 -4.086284e+01 1.917945e+00
-3.978451e+01 -7.860645e+00 -3.782612e+01 -5.910163e+00
-5.782283e+01 -9.906064e+00 -5.586444e+01 -7.955582e+00
-5.059963e+01 -8.594530e+00 -4.864124e+01 -6.644048e+00
-5.288479e+01 -2.799245e+01 -5.092639e+01 -2.604197e+01
-5.129986e+01 -3.249332e+01 -4.934146e+01 -3.054284e+01
-4.652573e+01 -1.356634e+01 -4.456734e+01 -1.161586e+01
-4.136737e+01 -1.368733e+01 -3.940898e+01 -1.173685e+01
-6.956672e+01 -1.467190e+01 -6.760832e+01 -1.272142e+01
-5.398961e+01 -3.188726e+01 -5.203122e+01 -2.993678e+01
-4.208249e+01 -1.877383e+01 -4.012409e+01 -1.682334e+01
-4.900326e+01 -1.614208e+01 -4.704486e+01 -1.419160e+01
-6.833943e+01 -1.766519e+01 -6.638104e+01 -1.571471e+01
-6.430316e+01 -1.791139e+01 -6.234477e+01 -1.596091e+01
-7.329516e+01 -5.786021e+00 -7.133677e+01 -3.835539e+00
-5.150746e+01 -2.066441e+00 -4.954907e+01 -1.159592e-01
-5.115647e+01 -1.635195e+01 -4.919808e+01 -1.440147e+01
-5.528167e+01 5.041811e+00 -5.332327e+01 6.992293e+00
-7.167883e+01 -3.088234e+01 -6.972044e+01 -2.893186e+01
-4.888145e+01 -1.047954e+01 -4.692305e+01 -8.529061e+00
-6.526004e+01 -2.520537e+01 -6.330164e+01 -2.325489e+01
-4.929362e+01 2.246687e+00 -4.733522e+01 4.197169e+00
-4.507542e+01 -1.572351e+01 -4.311702e+01 -1.377303e+01
-5.680137e+01 -5.981405e-01 -5.484297e+01 1.352342e+00
-3.666515e+01 3.237458e+00 -3.470675e+01 5.187940e+00
-3.876361e+01 -3.858285e+00 -3.680522e+01 -1.907802e+00
-6.091370e+01 -1.284108e+01 -5.895531e+01 -1.089060e+01
-6.539580e+01 -1.515011e+01 -6.343741e+01 -1.319963e+01
-3.677646e+01 -1.559414e+01 -3.481806e+01 -1.364366e+01
-3.934205e+01 3.953913e+00 -3.738366e+01 5.904396e+00
-6.678120e+01 -1.591128e+01 -6.482281e+01 -1.396079e+01
-4.341919e+01 -3.880367e+00 -4.146079e+01 -1.929885e+00
-3.854053e+01 -2.373090e+01 -3.658214e+01 -2.178042e+01
-4.414816e+01 3.806762e+00 -4.218977e+01 5.757244e+00
-6.098120e+01 -1.808256e+01 -5.902281e+01 -1.613208e+01
-5.201416e+01 -1.215039e+01 -5.005577e+01 -1.019991e+01
-4.960996e+01 -2.632729e+01 -4.765156e+01 -2.437681e+01
-5.525819e+01 -1.973164e+01 -5.329979e+01 -1.778116e+01
-4.836781e+01 1.974008e+00 -4.640942e+01 3.924490e+00
-6.572656e+01 -1.011822e+01 -6.376816e+01 -8.167738e+00
-4.008171e+01 -2.949682e+01 -3.812332e+01 -2.754634e+01
-5.934751e+01 -2.601619e+01 -5.738912e+01 -2.406571e+01
-4.865608e+01 -1.065851e+01 -4.669769e+01 -8.708032e+00
-4.747972e+01 -1.051618e+01 -4.552133e+01 -8.565701e+00
-7.167346e+01 -1.189981e+01 -6.971506e+01 -9.949324e+00
-5.190320e+01 -2.431447e+01 -4.994481e+01 -2.236398e+01
-7.323820e+01 -2.036608e+01 -7.127981e+01 -1.841560e+01
-7.362351e+01 2.253691e+00 -7.166512e+01 4.204173e+00
-5.042229e+01 -3.715033e+00 -4.846390e+01 -1.764551e+00
-3.922928e+01 2.627414e+00 -3.727089e+01 4.577896e+00
-6.720032e+01 -1.630361e+01 -6.524193e+01 -1.435313e+01
-5.487592e+01 -2.757526e+00 -5.291752e+01 -8.070442e-01
-4.895027e+01 3.891679e+00 -4.699187e+01 5.842162e+00
-6.789470e+01 -2.235371e+01 -6.593631e+01 -2.040323e+01
-3.942484e+01 -1.950059e+01 -3.746644e+01 -1.755011e+01
-3.875009e+01 -4.614132e+00 -3.679170e+01 -2.663650e+00
-5.534260e+01 -2.313008e+01 -5.338421e+01 -2.117960e+01
-3.690101e+01 -2.900733e+01 -3.494261e+01 -2.705684e+01
-4.007209e+01 -9.468621e+00 -3.811370e+01 -7.518138e+00
-4.583027e+01 2.286742e+00 -4.387187e+01 4.237224e+00
-6.676942e+01 -2.276742e+01 -6.481102e+01 -2.081694e+01
-6.743139e+01 -2.586115e+01 -6.547299e+01 -2.391067e+01
-4.945491e+01 -2.690420e+01 -4.749652e+01 -2.495372e+01
-6.901753e+01 -2.490250e+01 -6.705914e+01 -2.295201e+01
-3.688988e+01 -3.323830e+01 -3.493148e+01 -3.128781e+01
-6.767975e+01 -2.909847e+01 -6.572135e+01 -2.714799e+01
-5.588930e+01 -8.479700e+00 -5.393091e+01 -6.529218e+00
-3.813166e+01 -2.984482e+01 -3.617326e+01 -2.789434e+01
-4.992095e+01 -3.102681e+01 -4.796255e+01 -2.907633e+01
-5.855670e+01 -1.441362e+01 -5.659831e+01 -1.246314e+01
-5.687880e+01 -2.234247e+01 -5.492040e+01 -2.039199e+01
-6.441925e+01 1.812815e+00 -6.246085e+01 3.763297e+00
-5.180344e+01 -2.633971e+01 -4.984505e+01 -2.438923e+01
-7.261913e+01 -1.693315e+01 -7.066074e+01 -1.498267e+01
-4.210002e+01 -4.390025e+00 -4.014163e+01 -2.439543e+00
-6.002013e+01 5.151235e+00 -5.806174e+01 7.101717e+00
-7.258192e+01 -1.335578e+01 -7.062353e+01 -1.140530e+01
-6.610824e+01 -7.962961e+00 -6.414984e+01 -6.012479e+00
-4.656972e+01 -2.099903e+01 -4.461133e+01 -1.904854e+01
-3.914521e+01 -8.551216e+00 -3.718681e+01 -6.600734e+00
-6.060376e+01 -3.182218e+01 -5.864537e+01 -2.987170e+01
-4.394885e+01 -2.441591e+00 -4.199045e+01 -4.911093e-01
-4.661180e+01 -7.177690e+00 -4.465340e+01 -5.227208e+00
-3.856381e+01 -2.157155e+01 -3.660542e+01 -1.962106e+01
-4.450591e+01 -2.215694e+01 -4.254752e+01 -2.020646e+01
-4.227757e+01 -2.640391e+01 -4.031918e+01 -2.445343e+01
-5.082635e+01 -3.169456e+01 -4.886796e+01 -2.974408e+01
-7.000515e+01 -2.764397e+01 -6.804676e+01 -2.569349e+01
-6.441612e+01 -2.846725e+01 -6.245772e+01 -2.651677e+01
-5.090438e+01 -3.151461e+01 -4.894598e+01 -2.956413e+01
-3.913699e+01 3.104467e+00 -3.717860e+01 5.054949e+00
-7.178463e+01 2.313273e+00 -6.982623e+01 4.263755e+00
-5.560721e+01 -2.375494e+01 -5.364881e+01 -2.180446e+01
-5.098692e+01 -2.719294e+01 -4.902853e+01 -2.524245e+01
-5.108194e+01 -1.519679e+01 -4.912355e+01 -1.324631e+01
-4.203558e+01 2.346350e+00 -4.007719e+01 4.296832e+00
-5.335613e+01 -1.106584e+01 -5.139774e+01 -9.115361e+00
-4.540994e+01 -2.499285e+01 -4.345155e+01 -2.304237e+01
-6.363185e+01 -9.063296e+00 -6.167345e+01 -7.112813e+00
-5.289972e+01 -3.312968e+01 -5.094132e+01 -3.117920e+01
-3.749332e+01 -2.022157e+01 -3.553493e+01 -1.827109e+01
-6.592151e+01 -1.339166e+01 -6.396312e+01 -1.144117e+01
-5.827316e+01 -2.179669e+01 -5.631476e+01 -1.984620e+01
-4.734852e+01 -8.612768e+00 -4.539012e+01 -6.662286e+00
-5.661426e+01 -2.328475e+01 -5.465587e+01 -2.133426e+01
-4.643659e+01 -2.079321e+01 -4.447820e+01 -1.884273e+01
-6.557645e+01 -4.162764e+00 -6.361806e+01 -2.212282e+00
-6.386921e+01 -7.113236e+00 -6.191082e+01 -5.162754e+00
-7.334526e+01 -8.112723e-01 -7.138687e+01 1.139210e+00
-4.059177e+01 -1.034368e+01 -3.863337e+01 -8.393195e+00
-6.138731e+01 -7.722327e+00 -5.942891e+01 -5.771844e+00
-5.334408e+01 -6.990330e-01 -5.138569e+01 1.251449e+00
-6.417869e+01 -2.378385e+01 -6.222030e+01 -2.183337e+01
-7.111041e+01 -1.371335e+01 -6.915202e+01 -1.176287e+01
-3.912683e+01 -9.928291e+00 -3.716843e+01 -7.977809e+00
-5.317948e+01 -1.739393e+00 -5.122108e+01 2.110887e-01
-3.641860e+01 -5.038978e+00 -3.446021e+01 -3.088496e+00
-6.050674e+01 -1.973800e+01 -5.854834e+01 -1.778751e+01
-7.225883e+01 -3.284832e+01 -7.030043e+01 -3.089784e+01
-7.378007e+01 -1.477160e+01 -7.182168e+01 -1.282112e+01
-6.250719e+01 -6.150149e+00 -6.054880e+01 -4.199666e+00
-4.185552e+01 -1.398535e+01 -3.989712e+01 -1.203487e+01
-5.566906e+01 -3.072640e+01 -5.371067e+01 -2.877592e+01
-6.649848e+01 -1.491226e+01 -6.454008e+01 -1.296178e+01
-3.781204e+01 -3.208640e+01 -3.585365e+01 -3.013592e+01
-7.067270e+01 -2.422738e+01 -6.871430e+01 -2.227690e+01
-4.611664e+01 -9.934913e+00 -4.415825e+01 -7.984431e+00
-7.034183e+01 3.731100e+00 -6.838344e+01 5.681582e+00
-4.000198e+01 -2.729994e+01 -3.804359e+01 -2.534946e+01
-5.533705e+01 -4.237922e+00 -5.337866e+01 -2.287440e+00
-4.352568e+01 -3.350692e+01 -4.156729e+01 -3.155644e+01
-5.131588e+01 -5.050099e+00 -4.935748e+01 -3.099617e+00
-4.484869e+01 2.209991e+00 -4.289030e+01 4.160473e+00
-7.020295e+01 -3.053566e+00 -6.824456e+01 -1.103084e+00
-3.690905e+01 -2.982050e+01 -3.495065e+01 -2.787002e+01
-6.321179e+01 -2.444340e+01 -6.125339e+01 -2.249291e+01
-4.226300e+01 -3.007163e+01 -4.030460e+01 -2.812115e+01
-4.473106e+01 -2.296521e+01 -4.277267e+01 -2.101473e+01
-6.719108e+01 2.800669e+00 -6.523269e+01 4.751151e+00
-4.417755e+01 -3.000771e+01 -4.221916e+01 -2.805722e+01
-3.555096e+01 -8.054163e-01 -3.359257e+01 1.145066e+00
-6.060151e+01 -6.766461e+00 -5.864312e+01 -4.815979e+00
-5.609821e+01 -1.683350e+01 -5.413982e+01 -1.488302e+01
-4.836199e+01 -2.114074e+01 -4.640360e+01 -1.919026e+01
-5.045890e+01 -2.870890e+01 -4.850051e+01 -2.675841e+01
-7.079592e+01 -1.903368e+01 -6.883753e+01 -1.708320e+01
-6.861462e+01 -8.037624e+00 -6.665622e+01 -6.087142e+00
-6.949578e+01 5.759221e-01 -6.753739e+01 2.526404e+00
-5.116559e+01 -2.555352e+01 -4.920719e+01 -2.360303e+01
-4.780201e+01 -1.314760e+01 -4.584362e+01 -1.119712e+01
-6.174507e+01 3.015543e+00 -5.978668e+01 4.966025e+00
-4.388992e+01 -2.901667e+01 -4.193153e+01 -2.706619e+01
-7.248014e+01 -1.369175e+01 -7.052175e+01 -1.174126e+01
-5.833917e+01 -2.552612e+01 -5.638078e+01 -2.357564e+01
-5.624957e+01 -2.753135e+01 -5.429117e+01 -2.558087e+01
-6.190552e+01 -1.685845e+01 -5.994713e+01 -1.490797e+01
-7.376602e+01 -8.431273e+00 -7.180763e+01 -6.480790e+00
-6.903505e+01 -1.575875e+01 -6.707666e+01 -1.380826e+01
-7.068156e+01 -3.341920e+00 -6.872317e+01 -1.391438e+00
-4.319560e+01 -7.070216e+00 -4.123721e+01 -5.119734e+00
-3.832726e+01 4.984480e-02 -3.636887e+01 2.000327e+00
-7.152409e+01 -3.193864e+01 -6.956570e+01 -2.998815e+01
-5.333449e+01 -2.686932e+01 -5.137610e+01 -2.491884e+01
-3.763637e+01 -2.950670e+01 -3.567798e+01 -2.755622e+01
-5.878192e+01 -1.052200e+01 -5.682352e+01 -8.571521e+00
-4.897376e+01 -6.459216e+00 -4.701537e+01 -4.508734e+00
-5.285122e+01 -1.791731e+01 -5.089283e+01 -1.596682e+01
-4.176623e+01 -1.124419e+01 -3.980783e+01 -9.293709e+00
-3.788371e+01 -2.512977e+01 -3.592531e+01 -2.317929e+01
-4.306590e+01 -1.918177e+01 -4.110751e+01 -1.723129e+01
-5.902117e+01 -2.997614e+01 -5.706278e+01 -2.802566e+01
-4.233285e+01 -1.866990e+01 -4.037446e+01 -1.671942e+01
-4.470964e+01 2.662859e+00 -4.275125e+01 4.613341e+00
-4.071474e+01 -1.344187e+00 -3.875634e+01 6.062948e-01
-4.599613e+01 -9.000136e+00 -4.403774e+01 -7.049654e+00
-5.376285e+01 -9.411522e+00 -5.180446e+01 -7.461040e+00
-5.430091e+01 -1.119994e+01 -5.234252e+01 -9.249462e+00
-4.766433e+01 -3.262936e+01 -4.570593e+01 -3.067887e+01
-4.437012e+01 -1.038488e+01 -4.241173e+01 -8.434393e+00
-6.853453e+01 -2.816410e+01 -6.657614e+01 -2.621362e+01
-6.630599e+01 -3.452718e+00 -6.434760e+01 -1.502236e+00
-4.091020e+01 -5.094983e+00 -3.895181e+01 -3.144501e+00
-6.677102e+01 -7.771208e+00 -6.481262e+01 -5.820726e+00
-6.171976e+01 -2.966072e+01 -5.976137e+01 -2.771024e+01
-3.918088e+01 -2.979113e+01 -3.722248e+01 -2.784065e+01
-5.518705e+01 -2.323411e+01 -5.322866e+01 -2.128362e+01
-6.615614e+01 -2.255472e+01 -6.419775e+01 -2.060424e+01
-4.822042e+01 3.162955e+00 -4.626203e+01 5.113437e+00
-6.528686e+01 -1.400465e+01 -6.332847e+01 -1.205417e+01
-4.348817e+01 2.747434e+00 -4.152978e+01 4.697916e+00
-6.841242e+01 -2.228692e+01 -6.645402e+01 -2.033644e+01
-5.200543e+01 -8.636725e+00 -5.004704e+01 -6.686243e+00
-3.976914e+01 -2.469589e+01 -3.781075e+01 -2.274541e+01
-4.757991e+01 -9.228132e+00 -4.562151e+01 -7.277649e+00
-4.136950e+01 -2.064496e+00 -3.941111e+01 -1.140142e-01
-4.369035e+01 -3.266929e+01 -4.173195e+01 -3.071881e+01
-5.085391e+01 -9.687553e+00 -4.889551e+01 -7.737071e+00
-4.406389e+01 -3.568882e+00 -4.210550e+01 -1.618400e+00
-6.284389e+01 -3.078509e+01 -6.088550e+01 -2.883461e+01
-3.951083e+01 -2.704138e+01 -3.755244e+01 -2.509090e+01
-6.696837e+01 -1.974410e+01 -6.500998e+01 -1.779361e+01
-5.662586e+01 -1.900585e+01 -5.466747e+01 -1.705537e+01
-4.861683e+01 -2.985150e+01 -4.665844e+01 -2.790102e+01
-6.122147e+01 1.373215e-01 -5.926308e+01 2.087804e+00
-5.018049e+01 -2.971542e+01 -4.822209e+01 -2.776493e+01
-4.241786e+01 -4.532947e+00 -4.045947e+01 -2.582465e+00
-5.835971e+01 -1.947062e+01 -5.640132e+01 -1.752014e+01
-5.853741e+01 -2.316121e+01 -5.657901e+01 -2.121072e+01
-5.049210e+01 -3.111740e+01 -4.853371e+01 -2.916692e+01
-3.866716e+01 -1.691928e+01 -3.670877e+01 -1.496880e+01
-3.946293e+01 -7.453573e+00 -3.750454e+01 -5.503091e+00
-5.593615e+01 -1.538075e+01 -5.397776e+01 -1.343027e+01
-6.252497e+01 -2.502485e+01 -6.056658e+01 -2.307436e+01
-6.434081e+01 -1.128153e+01 -6.238242e+01 -9.331050e+00
-6.218275e+01 -2.886088e+01 -6.022436e+01 -2.691040e+01
-4.462481e+01 -1.504852e+01 -4.266641e+01 -1.309804e+01
-5.494857e+01 -2.627041e+01 -5.299018e+01 -2.431993e+01
-4.033895e+01 -2.857579e+01 -3.838055e+01 -2.662531e+01
-6.249599e+01 -2.657891e+01 -6.053760e+01 -2.462843e+01
-7.386814e+01 1.359573e+00 -7.190974e+01 3.310055e+00
-6.266911e+01 -2.235362e+00 -6.071072e+01 -2.848803e-01
-4.850056e+01 -6.959027e+00 -4.654217e+01 -5.008545e+00
-6.710834e+01 -3.203433e+01 -6.514995e+01 -3.008385e+01
-3.638885e+01 -3.544495e+00 -3.443046e+01 -1.594013e+00
-6.955433e+01 -1.815735e-01 -6.759593e+01 1.768909e+00
-6.586109e+01 5.004016e+00 -6.390270e+01 6.954498e+00
-5.298043e+01 -7.724349e+00 -5.102204e+01 -5.773867e+00
-5.573314e+01 -1.457918e+00 -5.377475e+01 4.925641e-01
-3.902847e+01 -6.008016e+00 -3.707008e+01 -4.057534e+00
-5.810544e+01 -2.623113e+01 -5.614705e+01 -2.428065e+01
-4.115678e+01 -2.774401e+01 -3.919838e+01 -2.579353e+01
-4.759353e+01 -2.114588e+01 -4.563514e+01 -1.919539e+01
-6.037996e+01 -1.300603e+01 -5.842156e+01 -1.105554e+01
