estimativaRG-0.80-10x5
4
2
2
8
7
7
4
0
14
6
0
3
0
0
0
6
9
11
3
8
7
7
1
1
1
7
7
2
0
5
3
0
5
7
7
4
6
11
7
9
9
6
5
6
6
7
5
6
7
5
9
0
4
9
9
8
9
0
9
6
0
7
0
9
9
2
9
6
2
6
1
2
0
17
3
10
0
6
0
6
9
0
0
0
0
0
0
9
0
0
6
9
3
7
1
5
14
4
0
0
2
0
9
6
0
9
9
9
2
5
7
3
6
4
7
0
8
4
6
5
9
9
9
0
7
14
2
14
9
9
13
9
7
7
3
0
12
9
8
2
0
5
0
0
15
5
7
0
2
16
8
0
7
0
2
6
9
7
7
9
16
0
7
0
8
14
0
9
7
9
0
5
3
0
6
9
9
8
15
9
9
5
0
14
0
1
4
6
0
15
0
2
0
0
0
6
3
0
6
9
5
11
9
8
9
11
14
6
0
1
9
5
8
8
0
6
5
2
7
5
16
0
2
0
8
2
5
6
7
6
5
9
0
6
14
9
7
17
0
5
7
14
0
2
5
0
5
9
2
0
16
2
7
13
5
6
6
7
0
17
0
1
15
10
3
7
9
2
15
7
14
8
0
11
8
0
4
7
9
0
0
4
5
9
0
0
14
0
5
9
6
0
6
5
0
0
0
0
8
2
3
2
10
9
9
5
7
0
4
14
14
5
9
0
0
8
0
0
6
3
0
2
12
9
0
15
5
0
0
9
0
0
0
7
0
2
7
9
6
9
0
12
0
2
7
9
15
0
4
14
2
9
7
0
0
0
1
0
1
9
9
9
1
7
9
7
4
1
2
8
14
9
9
6
7
0
15
6
6
0
1
15
6
6
2
0
0
6
7
6
0
0
0
14
1
2
7
0
13
5
1
0
1
0
9
6
2
0
6
9
9
6
0
6
1
9
12
8
3
1
8
9
2
3
0
2
16
0
0
9
0
7
14
9
17
1
7
3
7
5
0
14
7
7
0
14
0
6
16
7
0
0
9
0
5
0
3
0
10
2
14
1
0
14
6
0
2
0
9
3
8
3
13
8
7
1
2
15
9
2
7
0
9
9
1
2
0
8
14
0
1
1
0
7
6
15
8
4
9
5
