estimativaRG-0.80-9x7
7
5
0
10
6
7
7
1
7
5
0
4
0
0
0
6
9
13
3
10
6
6
1
5
1
6
7
3
0
6
4
3
5
6
7
5
6
2
9
9
3
6
9
7
6
10
5
6
6
5
9
1
4
9
9
9
9
0
9
6
0
6
0
9
9
2
9
5
4
5
1
2
0
5
3
5
0
6
0
6
5
0
0
0
0
0
0
5
0
2
6
9
2
6
1
5
16
0
5
4
0
0
9
5
0
9
9
9
2
4
7
3
6
2
7
0
10
2
6
8
9
9
5
0
7
16
2
16
9
8
10
9
6
8
2
0
16
9
9
1
0
9
0
1
11
5
6
1
4
16
10
2
7
0
5
6
9
6
3
9
5
0
5
0
11
13
5
9
7
9
0
5
7
0
6
9
5
2
14
8
9
9
0
16
0
0
2
5
0
5
0
1
0
0
0
5
3
0
6
9
5
14
9
11
3
13
16
7
0
0
9
9
8
9
0
8
5
2
7
5
7
0
2
0
2
1
9
11
6
5
5
9
0
6
16
9
7
16
0
3
7
16
0
2
5
0
5
9
1
0
16
1
6
15
5
7
5
7
1
16
0
0
15
5
5
6
2
5
15
7
16
3
0
12
11
0
5
9
9
0
0
1
5
9
0
0
16
0
5
9
6
1
3
5
0
0
2
0
5
1
4
2
13
6
9
5
7
0
6
16
16
4
9
0
0
5
3
0
6
3
0
3
3
9
0
15
5
0
0
5
0
0
0
7
0
1
9
9
7
6
0
5
0
2
7
9
14
1
5
15
1
9
6
0
0
0
0
3
0
9
4
9
5
7
9
6
3
0
3
9
16
9
9
7
7
0
15
5
6
0
1
14
6
1
4
0
0
8
11
6
0
0
0
16
2
0
6
0
5
5
3
0
1
2
9
6
2
0
7
9
9
3
0
5
4
9
14
11
2
1
9
2
2
4
0
2
15
2
0
4
0
7
11
9
16
0
9
6
9
5
5
16
7
7
0
16
0
7
5
6
0
0
9
0
5
1
5
0
13
4
16
5
0
16
5
0
0
0
9
2
11
2
5
9
9
1
2
14
9
2
7
0
9
6
0
1
0
10
14
0
1
4
0
8
6
6
6
2
9
5
