estimativaRG-0.80-12x7
5
5
0
9
8
7
4
1
7
6
0
5
0
0
0
6
10
13
3
10
5
6
1
5
1
6
6
2
0
6
4
3
7
8
7
4
6
2
10
10
5
6
6
6
5
10
5
6
6
5
10
1
5
10
10
10
10
0
10
5
0
6
0
10
10
1
10
5
4
5
1
2
0
5
3
5
0
6
0
6
5
0
0
0
0
0
0
6
0
2
4
10
3
5
1
5
16
0
5
4
0
1
10
5
0
10
10
10
3
4
6
3
8
3
7
0
9
2
4
5
10
10
7
1
7
16
1
16
10
9
10
10
6
9
3
0
16
10
10
1
0
6
0
1
12
6
7
1
3
18
10
2
7
0
4
6
10
6
4
10
5
0
6
0
9
13
4
10
6
10
0
6
4
0
6
10
5
2
15
9
10
6
0
16
0
0
3
5
0
5
0
1
0
0
0
7
0
0
6
10
6
14
10
10
2
14
16
6
0
0
10
6
9
9
1
9
5
2
6
6
7
0
2
0
3
1
6
10
7
5
5
10
0
5
16
10
8
17
0
3
6
16
0
2
5
0
5
10
1
0
14
0
6
14
5
6
5
7
1
15
0
0
14
5
5
8
2
5
14
7
16
3
1
13
8
0
6
7
10
0
0
1
5
10
0
0
16
0
5
10
6
1
3
4
0
0
2
0
5
1
4
3
15
8
10
5
6
0
4
16
16
4
10
0
0
5
4
0
6
3
0
3
3
10
0
14
5
0
0
6
0
0
0
7
0
2
8
10
7
7
0
5
0
2
6
10
14
0
5
15
1
10
4
1
0
0
1
3
0
10
5
10
5
9
10
8
2
0
3
9
16
10
10
5
7
0
13
5
5
0
1
14
5
1
3
0
0
9
8
7
0
0
0
16
2
0
6
0
5
5
3
0
1
0
10
5
2
0
6
10
10
4
0
6
4
10
14
9
2
1
8
1
2
4
0
2
16
2
0
4
0
6
11
10
14
0
10
3
8
5
4
16
7
7
0
16
0
5
4
6
0
0
10
0
5
1
5
0
15
3
16
5
0
16
5
0
0
0
10
3
9
3
5
9
8
2
1
15
10
1
7
0
10
6
0
0
0
10
14
0
1
4
0
11
6
6
6
0
10
4
