estimativaRG-0.80-150x132
6
1
0
13
8
3
2
0
9
10
0
7
0
0
0
5
8
13
0
21
9
0
0
0
0
9
3
0
0
6
1
0
9
19
6
9
2
12
17
9
0
2
4
4
4
4
0
2
3
0
4
0
0
13
8
6
5
0
16
0
0
12
0
7
7
0
7
5
7
5
0
0
0
20
0
4
0
11
0
6
5
0
0
0
0
0
0
9
0
0
6
17
0
8
0
9
14
0
0
0
0
0
19
7
0
6
9
10
0
5
5
0
11
0
5
0
7
0
3
0
18
9
0
0
3
18
0
36
8
0
11
6
7
3
0
0
28
8
7
0
0
4
0
0
3
8
18
0
0
22
10
0
8
0
13
1
8
2
0
16
18
0
10
0
11
13
0
5
9
13
0
4
4
0
1
4
6
2
16
4
18
3
0
11
0
0
0
8
0
20
0
1
0
0
0
4
0
0
27
8
12
11
11
11
2
9
17
11
0
0
4
8
3
11
0
14
7
0
9
6
13
0
3
0
4
1
11
15
14
5
7
9
0
12
29
18
5
15
0
6
7
14
0
0
0
0
0
5
0
0
14
0
1
18
0
4
5
3
0
16
0
0
14
4
3
10
1
0
12
11
35
3
1
12
17
0
11
2
15
0
0
1
34
15
0
0
16
0
0
15
1
0
0
7
0
0
0
0
11
0
0
0
13
13
11
0
10
0
0
13
10
0
2
0
0
11
0
0
18
0
0
1
4
10
0
14
0
0
0
15
0
0
0
6
0
0
4
13
4
6
0
22
0
0
3
10
13
0
2
6
0
4
0
3
0
0
4
0
0
13
9
13
0
15
3
17
3
0
3
31
16
10
10
13
5
0
10
3
6
0
0
16
24
1
0
0
0
3
20
9
0
0
0
13
0
0
11
0
6
0
7
0
0
0
7
0
0
0
3
8
4
17
0
6
1
6
17
12
0
0
0
0
1
9
0
6
12
0
0
6
0
8
19
17
18
0
3
0
3
0
0
11
9
10
0
15
0
14
21
3
0
0
9
0
0
2
0
0
22
0
19
0
0
38
8
0
0
0
16
0
10
10
23
19
11
4
0
12
7
0
6
0
19
2
0
0
0
18
22
0
0
1
0
6
1
21
0
0
8
5
